percentile,score
0.001,-1.5
0.002,-1.38
0.003,-1.31
0.004,-1.25
0.005,-1.2099999999999997
0.006,-1.17
0.007,-1.1300000000000001
0.008,-1.1099999999999999
0.009000000000000001,-1.08
0.01,-1.06
0.011,-1.0399999999999998
0.012,-1.02
0.013000000000000001,-1.0
0.014,-0.98
0.015,-0.9699999999999999
0.016,-0.95
0.017,-0.9399999999999998
0.018000000000000002,-0.92
0.019,-0.9099999999999999
0.02,-0.8999999999999999
0.021,-0.8899999999999999
0.022,-0.8700000000000001
0.023,-0.8600000000000001
0.024,-0.8500000000000001
0.025,-0.8400000000000001
0.026000000000000002,-0.8300000000000001
0.027,-0.8200000000000001
0.028,-0.81
0.029,-0.8
0.03,-0.7900000000000001
0.031,-0.7899999999999999
0.032,-0.78
0.033,-0.77
0.034,-0.76
0.035,-0.7599999999999998
0.036000000000000004,-0.75
0.037,-0.74
0.038,-0.73
0.039,-0.7299999999999999
0.04,-0.72
0.041,-0.71
0.042,-0.7099999999999997
0.043000000000000003,-0.7
0.044,-0.6900000000000001
0.045,-0.69
0.046,-0.6799999999999999
0.047,-0.6700000000000002
0.048,-0.6699999999999999
0.049,-0.66
0.05,-0.6599999999999999
0.051000000000000004,-0.65
0.052000000000000005,-0.6499999999999999
0.053,-0.64
0.054,-0.6300000000000001
0.055,-0.63
0.056,-0.6200000000000001
0.057,-0.62
0.058,-0.6100000000000001
0.059000000000000004,-0.61
0.06,-0.6000000000000001
0.061,-0.6
0.062,-0.5900000000000001
0.063,-0.59
0.064,-0.5899999999999999
0.065,-0.5800000000000001
0.066,-0.5799999999999998
0.067,-0.5700000000000001
0.068,-0.57
0.069,-0.56
0.07,-0.5599999999999999
0.07100000000000001,-0.55
0.07200000000000001,-0.55
0.073,-0.5499999999999998
0.074,-0.54
0.075,-0.5399999999999999
0.076,-0.53
0.077,-0.53
0.078,-0.5299999999999998
0.079,-0.52
0.08,-0.5199999999999999
0.081,-0.51
0.082,-0.51
0.083,-0.5099999999999999
0.084,-0.5
0.085,-0.5
0.08600000000000001,-0.4900000000000001
0.08700000000000001,-0.49
0.088,-0.48999999999999994
0.089,-0.4800000000000001
0.09,-0.48
0.091,-0.4799999999999999
0.092,-0.47000000000000003
0.093,-0.47
0.094,-0.46999999999999986
0.095,-0.46
0.096,-0.45999999999999996
0.097,-0.45999999999999985
0.098,-0.45000000000000007
0.099,-0.44999999999999996
0.1,-0.4499999999999999
0.101,-0.44000000000000006
0.10200000000000001,-0.43999999999999995
0.10300000000000001,-0.4399999999999999
0.10400000000000001,-0.43000000000000005
0.105,-0.43
0.106,-0.42999999999999994
0.107,-0.42000000000000004
0.108,-0.42
0.109,-0.41999999999999993
0.11,-0.41000000000000003
0.111,-0.41
0.112,-0.4099999999999999
0.113,-0.4000000000000001
0.114,-0.4
0.115,-0.39999999999999997
0.116,-0.3900000000000001
0.117,-0.39
0.11800000000000001,-0.39
0.11900000000000001,-0.3899999999999999
0.12,-0.38000000000000006
0.121,-0.38
0.122,-0.37999999999999995
0.123,-0.3700000000000001
0.124,-0.37
0.125,-0.37
0.126,-0.3699999999999999
0.127,-0.36000000000000004
0.128,-0.36
0.129,-0.36
0.13,-0.3500000000000001
0.131,-0.35000000000000003
0.132,-0.35
0.133,-0.3499999999999999
0.134,-0.3400000000000001
0.135,-0.34
0.136,-0.33999999999999997
0.137,-0.33999999999999986
0.138,-0.33000000000000007
0.139,-0.33
0.14,-0.32999999999999996
0.14100000000000001,-0.32999999999999985
0.14200000000000002,-0.32000000000000006
0.14300000000000002,-0.32
0.14400000000000002,-0.31999999999999995
0.145,-0.31000000000000016
0.146,-0.31000000000000005
0.147,-0.31
0.148,-0.30999999999999994
0.149,-0.30000000000000016
0.15,-0.30000000000000004
0.151,-0.3
0.152,-0.29999999999999993
0.153,-0.2900000000000002
0.154,-0.29000000000000004
0.155,-0.29000000000000004
0.156,-0.2899999999999999
0.157,-0.2899999999999998
0.158,-0.28
0.159,-0.28
0.16,-0.27999999999999997
0.161,-0.2799999999999999
0.162,-0.27
0.163,-0.27
0.164,-0.26999999999999996
0.165,-0.2699999999999999
0.166,-0.26000000000000006
0.167,-0.26
0.168,-0.26
0.169,-0.25999999999999995
0.17,-0.2500000000000001
0.171,-0.25
0.17200000000000001,-0.25
0.17300000000000001,-0.24999999999999994
0.17400000000000002,-0.2499999999999999
0.17500000000000002,-0.24000000000000005
0.176,-0.24
0.177,-0.23999999999999996
0.178,-0.2399999999999999
0.179,-0.23000000000000007
0.18,-0.23
0.181,-0.22999999999999998
0.182,-0.22999999999999995
0.183,-0.2200000000000001
0.184,-0.22000000000000003
0.185,-0.22
0.186,-0.21999999999999997
0.187,-0.21999999999999992
0.188,-0.21000000000000008
0.189,-0.21000000000000002
0.19,-0.20999999999999996
0.191,-0.20999999999999996
0.192,-0.20000000000000018
0.193,-0.20000000000000004
0.194,-0.2
0.195,-0.19999999999999996
0.196,-0.19999999999999996
0.197,-0.19000000000000009
0.198,-0.19000000000000003
0.199,-0.19
0.2,-0.18999999999999995
0.201,-0.18999999999999992
0.202,-0.18000000000000005
0.203,-0.18000000000000002
0.20400000000000001,-0.18
0.20500000000000002,-0.17999999999999994
0.20600000000000002,-0.17999999999999985
0.20700000000000002,-0.17000000000000004
0.20800000000000002,-0.17
0.209,-0.16999999999999998
0.21,-0.16999999999999993
0.211,-0.16000000000000023
0.212,-0.16000000000000003
0.213,-0.16000000000000003
0.214,-0.15999999999999998
0.215,-0.15999999999999992
0.216,-0.1500000000000002
0.217,-0.15000000000000002
0.218,-0.15000000000000002
0.219,-0.14999999999999997
0.22,-0.1499999999999999
0.221,-0.1499999999999998
0.222,-0.14000000000000004
0.223,-0.14
0.224,-0.13999999999999999
0.225,-0.13999999999999996
0.226,-0.13999999999999987
0.227,-0.13000000000000006
0.228,-0.13
0.229,-0.13
0.23,-0.12999999999999995
0.231,-0.1299999999999999
0.232,-0.12000000000000005
0.233,-0.12000000000000002
0.234,-0.12
0.23500000000000001,-0.11999999999999997
0.23600000000000002,-0.11999999999999991
0.23700000000000002,-0.1100000000000001
0.23800000000000002,-0.11000000000000004
0.23900000000000002,-0.10999999999999999
0.24,-0.10999999999999999
0.241,-0.10999999999999993
0.242,-0.10000000000000012
0.243,-0.10000000000000003
0.244,-0.1
0.245,-0.09999999999999998
0.246,-0.09999999999999998
0.247,-0.09999999999999987
0.248,-0.09000000000000008
0.249,-0.09000000000000002
0.25,-0.09
0.251,-0.08999999999999997
0.252,-0.08999999999999994
0.253,-0.0800000000000001
0.254,-0.08000000000000004
0.255,-0.08000000000000002
0.256,-0.07999999999999999
0.257,-0.07999999999999996
0.258,-0.0799999999999999
0.259,-0.07000000000000006
0.26,-0.07000000000000003
0.261,-0.07
0.262,-0.06999999999999995
0.263,-0.06999999999999995
0.264,-0.06000000000000014
0.265,-0.06000000000000005
0.266,-0.060000000000000026
0.267,-0.06
0.268,-0.05999999999999994
0.269,-0.05999999999999994
0.27,-0.05000000000000007
0.271,-0.050000000000000044
0.272,-0.05000000000000002
0.273,-0.04999999999999999
0.274,-0.04999999999999993
0.275,-0.04999999999999982
0.276,-0.040000000000000036
0.277,-0.040000000000000036
0.278,-0.04000000000000001
0.279,-0.03999999999999998
0.28,-0.039999999999999925
0.281,-0.03000000000000011
0.28200000000000003,-0.030000000000000027
0.28300000000000003,-0.030000000000000027
0.28400000000000003,-0.03
0.28500000000000003,-0.02999999999999997
0.28600000000000003,-0.029999999999999916
0.28700000000000003,-0.020000000000000073
0.28800000000000003,-0.020000000000000018
0.289,-0.020000000000000018
0.29,-0.01999999999999999
0.291,-0.019999999999999962
0.292,-0.019999999999999907
0.293,-0.010000000000000064
0.294,-0.010000000000000009
0.295,-0.010000000000000009
0.296,-0.009999999999999981
0.297,-0.009999999999999953
0.298,-0.009999999999999842
0.299,-5.551115123125783e-17
0.3,-1.3877787807814457e-17
0.301,0.0
0.302,1.3877787807814457e-17
0.303,5.551115123125783e-17
0.304,0.00999999999999987
0.305,0.009999999999999953
0.306,0.010000000000000009
0.307,0.010000000000000009
0.308,0.010000000000000009
0.309,0.010000000000000064
0.31,0.019999999999999907
0.311,0.019999999999999962
0.312,0.01999999999999999
0.313,0.020000000000000018
0.314,0.020000000000000018
0.315,0.020000000000000073
0.316,0.029999999999999916
0.317,0.02999999999999997
0.318,0.029999999999999985
0.319,0.030000000000000027
0.32,0.030000000000000027
0.321,0.03000000000000004
0.322,0.0399999999999999
0.323,0.03999999999999995
0.324,0.03999999999999998
0.325,0.040000000000000036
0.326,0.040000000000000036
0.327,0.040000000000000036
0.328,0.04999999999999988
0.329,0.04999999999999993
0.33,0.04999999999999999
0.331,0.05000000000000002
0.332,0.050000000000000044
0.333,0.050000000000000044
0.334,0.05999999999999983
0.335,0.05999999999999994
0.336,0.05999999999999997
0.337,0.06
0.338,0.06000000000000005
0.339,0.06000000000000005
0.34,0.06000000000000011
0.341,0.06999999999999995
0.342,0.06999999999999997
0.343,0.07
0.34400000000000003,0.07000000000000003
0.34500000000000003,0.07000000000000006
0.34600000000000003,0.07000000000000006
0.34700000000000003,0.07999999999999993
0.34800000000000003,0.07999999999999996
0.34900000000000003,0.07999999999999999
0.35000000000000003,0.08000000000000002
0.35100000000000003,0.08000000000000007
0.352,0.08000000000000007
0.353,0.08999999999999989
0.354,0.08999999999999997
0.355,0.08999999999999997
0.356,0.09000000000000001
0.357,0.09000000000000005
0.358,0.09000000000000008
0.359,0.09999999999999987
0.36,0.09999999999999996
0.361,0.09999999999999998
0.362,0.09999999999999999
0.363,0.10000000000000003
0.364,0.10000000000000009
0.365,0.10000000000000009
0.366,0.10999999999999993
0.367,0.10999999999999999
0.368,0.10999999999999999
0.369,0.11000000000000001
0.37,0.11000000000000004
0.371,0.1100000000000001
0.372,0.11999999999999988
0.373,0.11999999999999997
0.374,0.12
0.375,0.12
0.376,0.12000000000000002
0.377,0.1200000000000001
0.378,0.1299999999999998
0.379,0.12999999999999995
0.38,0.12999999999999998
0.381,0.13
0.382,0.13
0.383,0.13000000000000003
0.384,0.13000000000000012
0.385,0.1399999999999999
0.386,0.13999999999999996
0.387,0.14
0.388,0.14
0.389,0.14
0.39,0.1400000000000001
0.391,0.1499999999999999
0.392,0.14999999999999994
0.393,0.14999999999999997
0.394,0.15000000000000002
0.395,0.15000000000000002
0.396,0.15000000000000005
0.397,0.15000000000000013
0.398,0.15999999999999992
0.399,0.15999999999999998
0.4,0.16
0.401,0.16000000000000003
0.402,0.16000000000000003
0.403,0.1600000000000001
0.404,0.16999999999999993
0.405,0.16999999999999993
0.406,0.16999999999999998
0.40700000000000003,0.17
0.40800000000000003,0.17000000000000004
0.40900000000000003,0.17000000000000004
0.41000000000000003,0.17000000000000015
0.41100000000000003,0.17999999999999994
0.41200000000000003,0.17999999999999997
0.41300000000000003,0.18
0.41400000000000003,0.18000000000000002
0.41500000000000004,0.18000000000000005
0.41600000000000004,0.18000000000000008
0.417,0.18999999999999992
0.418,0.18999999999999995
0.419,0.18999999999999997
0.42,0.19
0.421,0.19000000000000003
0.422,0.19000000000000006
0.423,0.19999999999999982
0.424,0.19999999999999996
0.425,0.19999999999999996
0.426,0.19999999999999998
0.427,0.2
0.428,0.20000000000000007
0.429,0.20000000000000007
0.43,0.2099999999999999
0.431,0.20999999999999996
0.432,0.20999999999999996
0.433,0.21
0.434,0.21000000000000002
0.435,0.21000000000000008
0.436,0.2100000000000002
0.437,0.21999999999999995
0.438,0.21999999999999997
0.439,0.21999999999999997
0.44,0.22
0.441,0.22000000000000003
0.442,0.22000000000000008
0.443,0.22999999999999993
0.444,0.22999999999999998
0.445,0.22999999999999998
0.446,0.22999999999999998
0.447,0.23000000000000004
0.448,0.23000000000000007
0.449,0.2300000000000002
0.45,0.23999999999999994
0.451,0.24
0.452,0.24
0.453,0.24
0.454,0.24000000000000005
0.455,0.2400000000000001
0.456,0.24999999999999992
0.457,0.24999999999999997
0.458,0.25
0.459,0.25
0.46,0.25
0.461,0.25
0.462,0.2500000000000001
0.463,0.2599999999999999
0.464,0.26
0.465,0.26
0.466,0.26
0.467,0.26
0.468,0.26000000000000006
0.46900000000000003,0.2699999999999999
0.47000000000000003,0.26999999999999996
0.47100000000000003,0.27
0.47200000000000003,0.27
0.47300000000000003,0.27
0.47400000000000003,0.27
0.47500000000000003,0.27000000000000013
0.47600000000000003,0.2799999999999999
0.47700000000000004,0.27999999999999997
0.47800000000000004,0.28
0.47900000000000004,0.28
0.48,0.28
0.481,0.28
0.482,0.2899999999999999
0.483,0.2899999999999999
0.484,0.29000000000000004
0.485,0.29000000000000004
0.486,0.29000000000000004
0.487,0.29000000000000004
0.488,0.29000000000000015
0.489,0.29999999999999993
0.49,0.29999999999999993
0.491,0.30000000000000004
0.492,0.30000000000000004
0.493,0.30000000000000004
0.494,0.30000000000000004
0.495,0.30999999999999994
0.496,0.30999999999999994
0.497,0.31
0.498,0.31000000000000005
0.499,0.31000000000000005
0.5,0.31000000000000005
0.501,0.3100000000000003
0.502,0.31999999999999995
0.503,0.31999999999999995
0.504,0.32
0.505,0.32000000000000006
0.506,0.32000000000000006
0.507,0.32000000000000006
0.508,0.3299999999999999
0.509,0.32999999999999996
0.51,0.32999999999999996
0.511,0.33
0.512,0.33000000000000007
0.513,0.33000000000000007
0.514,0.3300000000000003
0.515,0.33999999999999997
0.516,0.33999999999999997
0.517,0.33999999999999997
0.518,0.34
0.519,0.3400000000000001
0.52,0.3400000000000001
0.521,0.34999999999999987
0.522,0.35
0.523,0.35
0.524,0.35
0.525,0.35000000000000003
0.526,0.3500000000000001
0.527,0.3500000000000002
0.528,0.35999999999999993
0.529,0.36
0.53,0.36
0.531,0.36
0.532,0.3600000000000001
0.533,0.3600000000000001
0.534,0.3699999999999999
0.535,0.37
0.536,0.37
0.537,0.37
0.538,0.37
0.539,0.3700000000000001
0.54,0.3799999999999999
0.541,0.37999999999999995
0.542,0.38
0.543,0.38
0.544,0.38
0.545,0.3800000000000001
0.546,0.38000000000000017
0.547,0.3899999999999999
0.548,0.39
0.549,0.39
0.55,0.39
0.551,0.39
0.552,0.3900000000000001
0.553,0.3999999999999999
0.554,0.3999999999999999
0.555,0.4
0.556,0.4
0.557,0.4
0.558,0.40000000000000013
0.559,0.4099999999999999
0.56,0.4099999999999999
0.561,0.41
0.562,0.41000000000000003
0.5630000000000001,0.41000000000000003
0.5640000000000001,0.41000000000000003
0.5650000000000001,0.4199999999999998
0.5660000000000001,0.41999999999999993
0.5670000000000001,0.41999999999999993
0.5680000000000001,0.42000000000000004
0.5690000000000001,0.42000000000000004
0.5700000000000001,0.42000000000000004
0.5710000000000001,0.42000000000000015
0.5720000000000001,0.42999999999999994
0.5730000000000001,0.42999999999999994
0.5740000000000001,0.43
0.5750000000000001,0.43000000000000005
0.5760000000000001,0.43000000000000005
0.577,0.43000000000000016
0.578,0.43999999999999995
0.579,0.43999999999999995
0.58,0.43999999999999995
0.581,0.44
0.582,0.44000000000000006
0.583,0.44000000000000006
0.584,0.4499999999999999
0.585,0.44999999999999996
0.586,0.44999999999999996
0.587,0.45
0.588,0.45000000000000007
0.589,0.45000000000000007
0.59,0.45999999999999985
0.591,0.45999999999999996
0.592,0.45999999999999996
0.593,0.45999999999999996
0.594,0.46
0.595,0.4600000000000001
0.596,0.4699999999999998
0.597,0.47
0.598,0.47
0.599,0.47
0.6,0.47000000000000003
0.601,0.4700000000000001
0.602,0.4700000000000002
0.603,0.48
0.604,0.48
0.605,0.48
0.606,0.48
0.607,0.48000000000000004
0.608,0.4800000000000002
0.609,0.49
0.61,0.49
0.611,0.49
0.612,0.49
0.613,0.49000000000000005
0.614,0.49999999999999983
0.615,0.49999999999999994
0.616,0.5
0.617,0.5
0.618,0.5
0.619,0.5
0.62,0.5099999999999999
0.621,0.51
0.622,0.51
0.623,0.51
0.624,0.51
0.625,0.51
0.626,0.5199999999999998
0.627,0.52
0.628,0.52
0.629,0.52
0.63,0.52
0.631,0.52
0.632,0.5299999999999998
0.633,0.5299999999999999
0.634,0.53
0.635,0.53
0.636,0.53
0.637,0.53
0.638,0.5399999999999998
0.639,0.5399999999999999
0.64,0.54
0.641,0.54
0.642,0.54
0.643,0.54
0.644,0.5499999999999999
0.645,0.5499999999999999
0.646,0.55
0.647,0.55
0.648,0.55
0.649,0.55
0.65,0.5599999999999999
0.651,0.5599999999999999
0.652,0.56
0.653,0.56
0.654,0.56
0.655,0.5699999999999998
0.656,0.57
0.657,0.5700000000000001
0.658,0.5700000000000001
0.659,0.5700000000000001
0.66,0.5700000000000001
0.661,0.5799999999999998
0.662,0.58
0.663,0.5800000000000001
0.664,0.5800000000000001
0.665,0.5800000000000001
0.666,0.5800000000000001
0.667,0.5899999999999999
0.668,0.59
0.669,0.59
0.67,0.5900000000000001
0.671,0.5900000000000001
0.672,0.5999999999999999
0.673,0.6
0.674,0.6
0.675,0.6000000000000001
0.676,0.6000000000000001
0.677,0.6000000000000001
0.678,0.6099999999999999
0.679,0.61
0.68,0.61
0.681,0.6100000000000001
0.682,0.6100000000000001
0.683,0.6199999999999999
0.684,0.6199999999999999
0.685,0.62
0.686,0.62
0.687,0.6200000000000001
0.6880000000000001,0.6200000000000001
0.6890000000000001,0.6299999999999999
0.6900000000000001,0.63
0.6910000000000001,0.63
0.6920000000000001,0.6300000000000001
0.6930000000000001,0.6300000000000001
0.6940000000000001,0.6399999999999999
0.6950000000000001,0.6399999999999999
0.6960000000000001,0.64
0.6970000000000001,0.64
0.6980000000000001,0.6400000000000001
0.6990000000000001,0.6499999999999999
0.7000000000000001,0.6499999999999999
0.7010000000000001,0.65
0.7020000000000001,0.65
0.7030000000000001,0.6500000000000001
0.704,0.6599999999999999
0.705,0.6599999999999999
0.706,0.6599999999999999
0.707,0.66
0.708,0.66
0.709,0.6699999999999998
0.71,0.6699999999999999
0.711,0.6699999999999999
0.712,0.67
0.713,0.67
0.714,0.6700000000000002
0.715,0.6799999999999999
0.716,0.6799999999999999
0.717,0.6799999999999999
0.718,0.68
0.719,0.6800000000000002
0.72,0.69
0.721,0.69
0.722,0.69
0.723,0.6900000000000001
0.724,0.6900000000000002
0.725,0.7
0.726,0.7
0.727,0.7
0.728,0.7000000000000001
0.729,0.7000000000000002
0.73,0.71
0.731,0.71
0.732,0.71
0.733,0.7100000000000001
0.734,0.7199999999999999
0.735,0.72
0.736,0.72
0.737,0.72
0.738,0.7200000000000001
0.739,0.7299999999999999
0.74,0.73
0.741,0.73
0.742,0.73
0.743,0.7300000000000001
0.744,0.74
0.745,0.74
0.746,0.74
0.747,0.74
0.748,0.7499999999999998
0.749,0.75
0.75,0.75
0.751,0.75
0.752,0.75
0.753,0.7599999999999999
0.754,0.76
0.755,0.76
0.756,0.76
0.757,0.7600000000000002
0.758,0.7699999999999999
0.759,0.77
0.76,0.77
0.761,0.77
0.762,0.7799999999999999
0.763,0.78
0.764,0.78
0.765,0.78
0.766,0.7899999999999998
0.767,0.7899999999999999
0.768,0.79
0.769,0.79
0.77,0.79
0.771,0.7999999999999999
0.772,0.8
0.773,0.8
0.774,0.8
0.775,0.8099999999999998
0.776,0.8099999999999999
0.777,0.81
0.778,0.81
0.779,0.8199999999999998
0.78,0.82
0.781,0.8200000000000001
0.782,0.8200000000000001
0.783,0.8299999999999998
0.784,0.83
0.785,0.8300000000000001
0.786,0.8300000000000001
0.787,0.8300000000000003
0.788,0.8399999999999999
0.789,0.84
0.79,0.8400000000000001
0.791,0.8400000000000003
0.792,0.8499999999999999
0.793,0.85
0.794,0.8500000000000001
0.795,0.8500000000000002
0.796,0.8599999999999999
0.797,0.86
0.798,0.8600000000000001
0.799,0.8699999999999998
0.8,0.8699999999999999
0.801,0.87
0.802,0.8700000000000001
0.803,0.8799999999999999
0.804,0.8799999999999999
0.805,0.88
0.806,0.8800000000000001
0.807,0.8899999999999999
0.808,0.8899999999999999
0.809,0.89
0.81,0.8900000000000001
0.811,0.8999999999999999
0.812,0.9
0.8130000000000001,0.9000000000000001
0.8140000000000001,0.9099999999999998
0.8150000000000001,0.9099999999999999
0.8160000000000001,0.91
0.8170000000000001,0.9100000000000001
0.8180000000000001,0.9199999999999999
0.8190000000000001,0.9199999999999999
0.8200000000000001,0.92
0.8210000000000001,0.9299999999999997
0.8220000000000001,0.9299999999999999
0.8230000000000001,0.9299999999999999
0.8240000000000001,0.9300000000000002
0.8250000000000001,0.94
0.8260000000000001,0.94
0.8270000000000001,0.9400000000000001
0.8280000000000001,0.9499999999999998
0.8290000000000001,0.95
0.8300000000000001,0.95
0.8310000000000001,0.9500000000000002
0.8320000000000001,0.96
0.833,0.96
0.834,0.9600000000000001
0.835,0.9699999999999999
0.836,0.97
0.837,0.97
0.838,0.9799999999999999
0.839,0.98
0.84,0.98
0.841,0.9800000000000002
0.842,0.99
0.843,0.99
0.844,0.9900000000000002
0.845,1.0
0.846,1.0
0.847,1.0000000000000002
0.848,1.01
0.849,1.01
0.85,1.0100000000000002
0.851,1.02
0.852,1.02
0.853,1.0200000000000002
0.854,1.03
0.855,1.03
0.856,1.0300000000000002
0.857,1.04
0.858,1.04
0.859,1.0499999999999998
0.86,1.05
0.861,1.05
0.862,1.0599999999999998
0.863,1.06
0.864,1.06
0.865,1.0699999999999998
0.866,1.07
0.867,1.07
0.868,1.0799999999999998
0.869,1.08
0.87,1.0800000000000003
0.871,1.09
0.872,1.09
0.873,1.0999999999999999
0.874,1.1
0.875,1.1
0.876,1.1099999999999999
0.877,1.11
0.878,1.1199999999999999
0.879,1.12
0.88,1.12
0.881,1.13
0.882,1.1300000000000001
0.883,1.14
0.884,1.1400000000000001
0.885,1.1400000000000001
0.886,1.15
0.887,1.1500000000000001
0.888,1.16
0.889,1.1600000000000001
0.89,1.17
0.891,1.17
0.892,1.1700000000000002
0.893,1.18
0.894,1.1800000000000002
0.895,1.19
0.896,1.19
0.897,1.2
0.898,1.2
0.899,1.21
0.9,1.21
0.901,1.22
0.902,1.22
0.903,1.2299999999999998
0.904,1.23
0.905,1.2399999999999998
0.906,1.24
0.907,1.2400000000000002
0.908,1.25
0.909,1.2500000000000002
0.91,1.26
0.911,1.2699999999999998
0.912,1.27
0.913,1.2799999999999998
0.914,1.28
0.915,1.29
0.916,1.29
0.917,1.3
0.918,1.3
0.919,1.31
0.92,1.31
0.921,1.32
0.922,1.3299999999999998
0.923,1.33
0.924,1.3399999999999999
0.925,1.34
0.926,1.35
0.927,1.3599999999999999
0.928,1.36
0.929,1.37
0.93,1.38
0.931,1.3800000000000001
0.932,1.3900000000000001
0.933,1.3900000000000003
0.934,1.4000000000000001
0.935,1.41
0.936,1.4199999999999997
0.937,1.4200000000000002
0.9380000000000001,1.43
0.9390000000000001,1.44
0.9400000000000001,1.4400000000000002
0.9410000000000001,1.4500000000000002
0.9420000000000001,1.46
0.9430000000000001,1.4699999999999998
0.9440000000000001,1.4700000000000002
0.9450000000000001,1.48
0.9460000000000001,1.49
0.9470000000000001,1.5
0.9480000000000001,1.5000000000000002
0.9490000000000001,1.51
0.9500000000000001,1.52
0.9510000000000001,1.53
0.9520000000000001,1.54
0.9530000000000001,1.5499999999999998
0.9540000000000001,1.5599999999999998
0.9550000000000001,1.5699999999999998
0.9560000000000001,1.5700000000000003
0.9570000000000001,1.58
0.9580000000000001,1.59
0.9590000000000001,1.6
0.96,1.61
0.961,1.62
0.962,1.6300000000000001
0.963,1.6400000000000003
0.964,1.66
0.965,1.67
0.966,1.68
0.967,1.69
0.968,1.7000000000000002
0.969,1.7199999999999998
0.97,1.73
0.971,1.74
0.972,1.75
0.973,1.77
0.974,1.78
0.975,1.7900000000000003
0.976,1.81
0.977,1.8299999999999998
0.978,1.84
0.979,1.8599999999999999
0.98,1.8799999999999997
0.981,1.8900000000000001
0.982,1.9100000000000001
0.983,1.93
0.984,1.9500000000000002
0.985,1.9700000000000002
0.986,2.0
0.987,2.02
0.988,2.05
0.989,2.08
0.99,2.1100000000000003
0.991,2.14
0.992,2.1799999999999997
0.993,2.2199999999999998
0.994,2.27
0.995,2.33
0.996,2.3900000000000006
0.997,2.48
0.998,2.6
0.999,2.81
